# relative_time, cycles_done, cur_item, corpus_count, pending_total, pending_favs, map_size, saved_crashes, saved_hangs, max_depth, execs_per_sec, total_execs, edges_found
60, 75, 0, 1, 0, 0, 0.28%, 0, 0, 1, 377.27, 23031, 184
66, 81, 0, 1, 0, 0, 0.28%, 0, 0, 1, 377.71, 24952, 184
71, 88, 0, 1, 0, 0, 0.28%, 0, 0, 1, 378.26, 26873, 184
76, 94, 0, 1, 0, 0, 0.28%, 0, 0, 1, 378.64, 28796, 184
81, 101, 0, 1, 0, 0, 0.28%, 0, 0, 1, 377.42, 30710, 184
86, 107, 0, 1, 0, 0, 0.28%, 0, 0, 1, 375.92, 32631, 184
91, 113, 0, 1, 0, 0, 0.28%, 0, 0, 1, 375.82, 34552, 184
96, 120, 0, 1, 0, 0, 0.28%, 0, 0, 1, 375.71, 36473, 184
101, 126, 0, 1, 0, 0, 0.28%, 0, 0, 1, 364.81, 38331, 184
106, 132, 0, 1, 0, 0, 0.28%, 0, 0, 1, 362.13, 40203, 184
111, 138, 0, 1, 0, 0, 0.28%, 0, 0, 1, 366.28, 42052, 184
